Time	IMSI	RNTI	frame	subframe	discPrdStartFr	discPrdStartSf	resPsdch	psdchRbLen	psdchStartRb	mcs	sizeTb	rv	DiscType	ContentType	DiscModel	Content	dropped
2236	2	1	225	1	225	1	30	2	33	8	40	0	1	0	1	2
0
2240	1	1	225	5	225	1	6	2	12	8	40	0	1	0	1	1
0
2556	1	1	257	1	257	1	10	2	14	8	40	0	1	0	1	1
0
2568	2	1	258	3	257	1	38	2	35	8	40	0	1	0	1	2
0
2884	2	1	289	9	289	1	32	2	33	8	40	0	1	0	1	2
0
2888	1	1	290	3	289	1	48	2	39	8	40	0	1	0	1	1
0
3196	1	1	321	1	321	1	10	2	14	8	40	0	1	0	1	1
0
3208	2	1	322	3	321	1	3	2	10	8	40	0	1	0	1	2
0
3524	1	1	353	9	353	1	12	2	14	8	40	0	1	0	1	1
0
3528	2	1	354	3	353	1	43	2	37	8	40	0	1	0	1	2
0
3836	2	1	385	1	385	1	25	2	31	8	40	0	1	0	1	2
0
3852	1	1	386	7	385	1	14	2	14	8	40	0	1	0	1	1
0
4164	2	1	417	9	417	1	12	2	14	8	40	0	1	0	1	2
0
4168	1	1	418	3	417	1	18	2	16	8	40	0	1	0	1	1
0
4476	1	1	449	1	449	1	0	2	10	8	40	0	1	0	1	1
0
4492	2	1	450	7	449	1	24	2	18	8	40	0	1	0	1	2
0
4808	1	1	482	3	481	1	18	2	16	8	40	0	1	0	1	1
0
4812	2	1	482	7	481	1	44	2	37	8	40	0	1	0	1	2
0
5128	2	1	514	3	513	1	8	2	12	8	40	0	1	0	1	2
0
5132	1	1	514	7	513	1	24	2	18	8	40	0	1	0	1	1
0
5436	2	1	545	1	545	1	20	2	18	8	40	0	1	0	1	2
0
5444	1	1	545	9	545	1	2	2	10	8	40	0	1	0	1	1
0
5760	1	1	577	5	577	1	26	2	31	8	40	0	1	0	1	1
0
5760	2	1	577	5	577	1	1	2	10	8	40	0	1	0	1	2
0
